// magnetic latitude, j_||, magnetic latitude, E_||	
        -0.1278	   -0.000997641		        -0.1278	   -3.12815e-06	
       0.126006	     0.00177147		       0.126006	    4.83798e-06	
       0.379806	     0.00461899		       0.379806	    9.57511e-06	
       0.635417	     0.00703334		       0.635417	    5.60912e-06	
        0.88921	     0.00982748		        0.88921	    1.11915e-05	
        1.14299	       0.012881		        1.14299	    2.08595e-05	
        1.39864	      0.0155391		        1.39864	    2.52814e-05	
        1.65248	      0.0185746		        1.65248	    3.91015e-05	
        1.90623	      0.0213856		        1.90623	    4.23109e-05	
        2.16009	      0.0241419		        2.16009	    4.86598e-05	
        2.41381	      0.0272851		        2.41381	    6.46682e-05	
        2.66945	      0.0302113		        2.66945	    7.14969e-05	
        2.92324	      0.0332695		        2.92324	    8.17658e-05	
         3.1753	      0.0363664		         3.1753	    9.60094e-05	
        3.42906	      0.0394132		        3.42906	    0.000101676	
        3.68289	      0.0427208		        3.68289	    0.000121337	
        3.93667	       0.046255		        3.93667	    0.000144052	
        4.19049	      0.0494639		        4.19049	    0.000143711	
        4.44244	      0.0527209		        4.44244	    0.000150829	
        4.69619	      0.0565266		        4.69619	     0.00016995	
        4.94824	      0.0599155		        4.94824	    0.000190459	
        5.20024	      0.0632744		        5.20024	    0.000200396	
        5.45224	      0.0667186		        5.45224	    0.000206292	
        5.70427	      0.0699643		        5.70427	    0.000246085	
        5.95626	      0.0729598		        5.95626	    0.000265204	
        6.20834	      0.0752511		        6.20834	    0.000279595	
        6.46025	      0.0770204		        6.46025	     0.00033225	
        6.71049	      0.0779121		        6.71049	    0.000330817	
        6.96247	      0.0780978		        6.96247	    0.000379702	
        7.21275	      0.0775398		        7.21275	    0.000464898	
        7.46286	      0.0746971		        7.46286	     0.00047101	
        7.71298	      0.0708713		        7.71298	    0.000526001	
        7.96335	       0.066567		        7.96335	    0.000593601	
        8.21345	      0.0600319		        8.21345	    0.000634856	
        8.46189	      0.0517775		        8.46189	    0.000706242	
        8.71213	      0.0427535		        8.71213	    0.000763237	
        8.96054	       0.032126		        8.96054	    0.000836026	
        9.20882	      0.0201469		        9.20882	     0.00089806	
        9.45736	     0.00745621		        9.45736	    0.000963877	
        9.70569	    -0.00654616		        9.70569	     0.00103847	
        9.95237	     -0.0213042		        9.95237	     0.00106942	
        10.2011	     -0.0360178		        10.2011	     0.00109855	
         10.447	     -0.0507698		         10.447	       0.001156	
        10.6943	     -0.0656513		        10.6943	     0.00126268	
        10.9408	     -0.0805767		        10.9408	     0.00130384	
        11.1857	     -0.0950865		        11.1857	     0.00128608	
        11.4321	      -0.108735		        11.4321	     0.00131975	
        11.6768	      -0.121801		        11.6768	     0.00134694	
        11.9211	      -0.134625		        11.9211	     0.00136235	
        12.1659	      -0.146637		        12.1659	      0.0014327	
        12.4111	      -0.156687		        12.4111	     0.00142451	
        12.6558	      -0.165955		        12.6558	     0.00135551	
         12.899	      -0.174969		         12.899	     0.00137525	
        13.1416	      -0.182342		        13.1416	     0.00141543	
        13.3849	      -0.188169		        13.3849	     0.00140162	
         13.628	      -0.193921		         13.628	     0.00132088	
        13.8693	      -0.198932		        13.8693	     0.00132217	
        14.1125	      -0.202619		        14.1125	     0.00134715	
        14.3532	      -0.205886		        14.3532	     0.00126643	
        14.5946	      -0.208342		        14.5946	     0.00123567	
        14.8356	      -0.209443		        14.8356	     0.00115542	
         15.075	      -0.210686		         15.075	     0.00110588	
        15.3166	      -0.212359		        15.3166	     0.00114313	
        15.5556	      -0.212035		        15.5556	     0.00106586	
        15.7955	      -0.212064		        15.7955	    0.000970979	
        16.0326	      -0.213047		        16.0326	    0.000813336	
        16.2719	       -0.21128		        16.2719	     0.00082312	
        16.5097	      -0.209484		        16.5097	    0.000865631	
        16.7489	      -0.208985		        16.7489	    0.000679495	
        16.9863	      -0.208051		        16.9863	    0.000526348	
        17.2225	      -0.207139		        17.2225	    0.000537954	
        17.4595	      -0.204896		        17.4595	    0.000510167	
        17.6964	      -0.203137		        17.6964	    0.000235764	
        17.9319	      -0.202215		        17.9319	    0.000216485	
        18.1675	       -0.20161		        18.1675	     0.00014991	
        18.4031	      -0.201078		        18.4031	   -0.000153867	
        18.6393	      -0.198744		        18.6393	   -0.000198963	
        18.8731	      -0.196972		        18.8731	   -0.000224858	
         19.107	      -0.195514		         19.107	   -0.000352332	
        19.3425	      -0.194181		        19.3425	   -0.000535328	
        19.5746	      -0.193747		        19.5746	   -0.000667665	
        19.8095	      -0.191594		        19.8095	    -0.00073005	
        20.0417	      -0.189376		        20.0417	     -0.0010184	
        20.2754	      -0.189051		        20.2754	    -0.00117701	
        20.5078	      -0.187447		        20.5078	    -0.00109777	
          20.74	      -0.185836		          20.74	     -0.0011947	
        20.9723	      -0.185392		        20.9723	    -0.00132414	
         21.203	      -0.183837		         21.203	    -0.00142681	
        21.4343	      -0.182743		        21.4343	    -0.00149238	
         21.665	      -0.182638		         21.665	    -0.00155359	
        21.8959	      -0.181396		        21.8959	    -0.00187638	
        22.1257	      -0.180027		        22.1257	    -0.00212165	
        22.3548	      -0.179399		        22.3548	    -0.00187837	
        22.5847	      -0.178955		        22.5847	    -0.00209738	
        22.8131	      -0.177425		        22.8131	    -0.00243753	
        23.0437	      -0.174616		        23.0437	    -0.00188336	
        23.2723	       -0.17336		        23.2723	    -0.00198878	
        23.5008	      -0.173127		        23.5008	    -0.00237803	
        23.7278	      -0.172803		        23.7278	    -0.00229718	
        23.9567	      -0.172123		        23.9567	    -0.00265975	
        24.1836	      -0.170744		        24.1836	    -0.00264681	
         24.412	       -0.16907		         24.412	    -0.00245554	
        24.6383	      -0.167349		        24.6383	    -0.00234768	
        24.8658	      -0.166026		        24.8658	    -0.00243988	
        25.0922	      -0.165212		        25.0922	    -0.00281364	
        25.3171	      -0.164785		        25.3171	    -0.00277943	
        25.5437	      -0.163697		        25.5437	    -0.00268974	
        25.7688	       -0.16191		        25.7688	    -0.00273133	
        25.9961	      -0.160682		        25.9961	    -0.00271038	
        26.2203	      -0.159107		        26.2203	    -0.00277517	
        26.4458	      -0.158704		        26.4458	    -0.00304956	
        26.6704	      -0.158225		        26.6704	    -0.00288126	
        26.8962	      -0.156289		        26.8962	    -0.00264735	
        27.1189	      -0.156011		        27.1189	    -0.00299395	
         27.344	      -0.155189		         27.344	    -0.00300768	
        27.5672	      -0.153273		        27.5672	    -0.00289205	
        27.7922	      -0.152759		        27.7922	    -0.00295434	
        28.0159	      -0.152588		        28.0159	    -0.00282555	
        28.2382	      -0.151861		        28.2382	    -0.00318429	
        28.4618	      -0.150297		        28.4618	    -0.00332324	
        28.6846	      -0.148758		        28.6846	    -0.00292613	
        28.9083	       -0.14823		        28.9083	    -0.00303836	
        29.1318	      -0.147052		        29.1318	    -0.00327929	
        29.3527	      -0.145263		        29.3527	    -0.00309515	
        29.5757	      -0.143379		        29.5757	    -0.00290402	
        29.7968	      -0.142708		        29.7968	    -0.00288918	
        30.0206	      -0.142318		        30.0206	    -0.00311804	
        30.2418	      -0.141398		        30.2418	    -0.00356705	
        30.4635	      -0.139696		        30.4635	     -0.0030824	
        30.6869	      -0.137894		        30.6869	    -0.00276108	
        30.9078	      -0.137043		        30.9078	    -0.00333969	
        31.1295	      -0.136216		        31.1295	      -0.003112	
        31.3507	      -0.135088		        31.3507	    -0.00303288	
        31.5717	      -0.134232		        31.5717	    -0.00324989	
        31.7933	      -0.134408		        31.7933	    -0.00278157	
        32.0133	      -0.132845		        32.0133	    -0.00287058	
        32.2346	      -0.131034		        32.2346	    -0.00323368	
        32.4554	      -0.131301		        32.4554	       -0.00315	
        32.6772	      -0.131008		        32.6772	    -0.00297585	
        32.8964	       -0.12939		        32.8964	    -0.00294721	
        33.1188	      -0.129493		        33.1188	    -0.00311917	
        33.3385	      -0.129997		        33.3385	    -0.00316737	
        33.5597	      -0.129434		        33.5597	    -0.00334468	
        33.7794	      -0.128587		        33.7794	    -0.00297934	
        34.0005	      -0.126997		        34.0005	    -0.00258447	
        34.2197	       -0.12608		        34.2197	    -0.00318933	
        34.4408	      -0.127261		        34.4408	    -0.00353543	
        34.6612	      -0.128222		        34.6612	    -0.00301659	
        34.8832	      -0.127627		        34.8832	    -0.00310858	
        35.1016	      -0.126635		        35.1016	    -0.00352885	
        35.3221	      -0.125767		        35.3221	    -0.00312151	
        35.5431	      -0.126286		        35.5431	    -0.00333674	
        35.7625	      -0.126632		        35.7625	    -0.00340722	
         35.984	      -0.125273		         35.984	    -0.00311274	
        36.2036	      -0.124833		        36.2036	    -0.00347208	
         36.425	      -0.125414		         36.425	    -0.00354518	
        36.6452	      -0.124567		        36.6452	    -0.00334496	
        36.8661	      -0.124662		        36.8661	    -0.00322592	
        37.0853	      -0.125748		        37.0853	    -0.00312044	
        37.3065	      -0.125736		        37.3065	    -0.00337909	
        37.5273	      -0.125104		        37.5273	    -0.00376042	
         37.748	       -0.12507		         37.748	    -0.00383306	
        37.9689	      -0.124243		        37.9689	    -0.00342081	
        38.1894	      -0.124133		        38.1894	    -0.00293039	
        38.4108	      -0.126889		        38.4108	    -0.00347347	
        38.6315	      -0.128186		        38.6315	    -0.00419935	
        38.8525	       -0.12704		        38.8525	     -0.0045051	
        39.0751	      -0.126864		        39.0751	    -0.00433635	
        39.2957	      -0.126873		        39.2957	    -0.00335384	
        39.5179	      -0.125579		        39.5179	    -0.00355379	
        39.7382	      -0.123958		        39.7382	    -0.00418024	
        39.9601	       -0.12283		        39.9601	    -0.00365555	
        40.1814	      -0.121379		        40.1814	    -0.00364959	
        40.4051	      -0.121128		        40.4051	    -0.00367205	
        40.6261	      -0.121951		        40.6261	    -0.00342181	
        40.8484	      -0.122219		        40.8484	    -0.00359183	
        41.0725	      -0.123137		        41.0725	    -0.00376387	
        41.2949	      -0.122442		        41.2949	    -0.00372454	
        41.5168	      -0.122941		        41.5168	    -0.00391909	
        41.7402	      -0.124018		        41.7402	    -0.00373751	
        41.9654	      -0.124108		        41.9654	    -0.00316908	
        42.1888	      -0.126438		        42.1888	    -0.00407591	
        42.4117	      -0.127568		        42.4117	    -0.00435685	
        42.6365	       -0.12459		        42.6365	    -0.00361876	
        42.8618	      -0.123101		        42.8618	     -0.0039558	
        43.0867	      -0.124941		        43.0867	    -0.00433339	
        43.3122	      -0.127117		        43.3122	    -0.00437636	
         43.536	      -0.127846		         43.536	    -0.00372073	
        43.7618	      -0.127426		        43.7618	    -0.00413202	
        43.9896	      -0.125846		        43.9896	    -0.00482036	
        44.2132	      -0.127151		        44.2132	    -0.00442449	
        44.4401	      -0.132032		        44.4401	    -0.00479792	
        44.6665	      -0.133459		        44.6665	    -0.00435989	
        44.8938	      -0.133325		        44.8938	    -0.00441723	
         45.122	      -0.133429		         45.122	    -0.00578524	
        45.3485	       -0.13519		        45.3485	    -0.00522974	
        45.5772	      -0.136031		        45.5772	    -0.00439222	
        45.8069	      -0.133803		        45.8069	    -0.00491935	
        46.0364	      -0.134388		        46.0364	    -0.00457947	
        46.2667	      -0.138765		        46.2667	    -0.00488062	
        46.4954	       -0.13973		        46.4954	    -0.00506642	
        46.7266	      -0.139675		        46.7266	    -0.00456996	
        46.9574	      -0.142796		        46.9574	    -0.00493911	
        47.1895	      -0.145876		        47.1895	    -0.00424496	
        47.4181	      -0.145681		        47.4181	    -0.00427914	
        47.6525	      -0.145313		        47.6525	    -0.00467487	
        47.8854	      -0.145618		        47.8854	    -0.00498372	
        48.1177	      -0.145724		        48.1177	    -0.00590692	
        48.3514	      -0.147516		        48.3514	     -0.0050429	
        48.5849	      -0.146881		        48.5849	    -0.00453697	
        48.8216	      -0.146877		        48.8216	    -0.00433693	
        49.0579	      -0.147692		        49.0579	    -0.00472353	
        49.2941	      -0.145237		        49.2941	    -0.00509179	
        49.5285	      -0.143223		        49.5285	    -0.00348028	
        49.7677	      -0.150295		        49.7677	      -0.004621	
        50.0052	      -0.154313		        50.0052	    -0.00543288	
        50.2429	      -0.155466		        50.2429	    -0.00470789	
        50.4836	      -0.160096		        50.4836	    -0.00515558	
        50.7225	      -0.160732		        50.7225	     -0.0058034	
        50.9637	      -0.162459		        50.9637	    -0.00599242	
        51.2043	      -0.166425		        51.2043	    -0.00570937	
        51.4469	      -0.172062		        51.4469	    -0.00684329	
        51.6897	      -0.173245		        51.6897	    -0.00690284	
        51.9346	      -0.171509		        51.9346	    -0.00669811	
        52.1774	      -0.177412		        52.1774	    -0.00735615	
        52.4228	      -0.180737		        52.4228	    -0.00642083	
        52.6677	         -0.172		        52.6677	    -0.00499709	
        52.9149	       -0.16968		        52.9149	    -0.00570377	
        53.1625	      -0.175954		        53.1625	    -0.00642169	
        53.4122	      -0.180819		        53.4122	    -0.00677016	
        53.6607	      -0.185558		        53.6607	    -0.00872924	
         53.913	      -0.180563		         53.913	    -0.00826885	
        54.1643	      -0.171508		        54.1643	    -0.00585804	
        54.4155	       -0.17187		        54.4155	    -0.00636424	
        54.6697	      -0.174086		        54.6697	    -0.00815942	
        54.9263	      -0.174191		        54.9263	    -0.00951909	
        55.1814	      -0.179316		        55.1814	    -0.00877589	
        55.4397	      -0.188599		        55.4397	    -0.00999029	
        55.6958	      -0.185864		        55.6958	      -0.011943	
        55.9553	      -0.176888		        55.9553	    -0.00915811	
        56.2175	      -0.182258		        56.2175	    -0.00817905	
        56.4757	      -0.192875		        56.4757	    -0.00911113	
          56.74	      -0.200117		          56.74	      -0.012601	
        57.0049	      -0.211992		        57.0049	     -0.0146861	
        57.2694	      -0.214074		        57.2694	    -0.00924851	
        57.5378	      -0.205797		        57.5378	    -0.00782675	
        57.8052	      -0.217382		        57.8052	     -0.0120124	
        58.0761	      -0.246144		        58.0761	     -0.0152453	
         58.346	      -0.266882		         58.346	     -0.0185379	
        58.6192	      -0.272227		        58.6192	     -0.0136864	
         58.894	      -0.270115		         58.894	     -0.0123477	
        59.1693	      -0.278497		        59.1693	    -0.00806639	
        59.4477	       -0.28624		        59.4477	     -0.0271495	
