// time, j_||, time, j_|| (no torus)
            0.5	    -0.00810283		            0.5	   -0.000312773	
              1	     -0.0156014		              1	   -0.000354272	
            1.5	   -0.000779375		            1.5	        0.01619	
              2	     -0.0155684		              2	    -0.00328836	
            2.5	      0.0128932		            2.5	     -0.0203814	
              3	     -0.0128537		              3	     -0.0175504	
            3.5	     -0.0143791		            3.5	      0.0192135	
              4	     -0.0122836		              4	     -0.0102357	
            4.5	     -0.0662183		            4.5	    -0.00681979	
              5	    -0.00275744		              5	      -0.191071	
            5.5	       0.105632		            5.5	      -0.802729	
              6	      0.0259823		              6	       -1.27903	
            6.5	      0.0137113		            6.5	       -1.10117	
              7	     -0.0525128		
            7.5	      0.0897652		
              8	     0.00837405		
            8.5	     -0.0701753		
              9	      -0.297913		
            9.5	      -0.567507		
             10	       -1.10605		
           10.5	       -1.38084		
             11	       -2.26683		
           11.5	       -2.49726		
             12	       -3.09323		
           12.5	       -2.77925		
