//magnetic latitude, j_||
        -0.1278	     0.00500039	
       0.126006	    -0.00479266	
       0.379806	     -0.0148196	
       0.635417	     -0.0261464	
        0.88921	     -0.0394758	
        1.14299	     -0.0551858	
        1.39864	     -0.0738518	
        1.65248	     -0.0958815	
        1.90623	      -0.121173	
        2.16009	      -0.149412	
        2.41381	      -0.180457	
        2.66945	      -0.213826	
        2.92324	       -0.24833	
         3.1753	      -0.283036	
        3.42906	      -0.317286	
        3.68289	      -0.349601	
        3.93667	      -0.378937	
        4.19049	      -0.404577	
        4.44244	      -0.425296	
        4.69619	      -0.440916	
        4.94824	      -0.450889	
        5.20024	      -0.454688	
        5.45224	      -0.453109	
        5.70427	      -0.446066	
        5.95626	      -0.433567	
        6.20834	      -0.417148	
        6.46025	      -0.396996	
        6.71049	      -0.373651	
        6.96247	      -0.348648	
        7.21275	       -0.32199	
        7.46286	      -0.294674	
        7.71298	      -0.267914	
        7.96335	      -0.241289	
        8.21345	      -0.215323	
        8.46189	      -0.191205	
        8.71213	      -0.168782	
        8.96054	      -0.147746	
        9.20882	      -0.128611	
        9.45736	      -0.111499	
        9.70569	     -0.0959914	
        9.95237	     -0.0823524	
        10.2011	      -0.070484	
         10.447	     -0.0599939	
        10.6943	      -0.050863	
        10.9408	     -0.0430209	
        11.1857	     -0.0363375	
        11.4321	      -0.030535	
        11.6768	     -0.0257526	
        11.9211	     -0.0216689	
        12.1659	     -0.0179276	
        12.4111	     -0.0151039	
        12.6558	     -0.0127013	
         12.899	      -0.010372	
        13.1416	    -0.00876136	
        13.3849	    -0.00746728	
         13.628	    -0.00613631	
        13.8693	    -0.00504899	
        14.1125	    -0.00422262	
        14.3532	    -0.00352025	
        14.5946	    -0.00302754	
        14.8356	    -0.00246185	
         15.075	    -0.00202433	
        15.3166	    -0.00182755	
        15.5556	    -0.00142857	
        15.7955	    -0.00112921	
        16.0326	   -0.000900241	
        16.2719	   -0.000748923	
        16.5097	   -0.000603206	
        16.7489	   -0.000471374	
        16.9863	   -0.000594642	
        17.2225	   -0.000247035	
        17.4595	    2.58537e-05	
        17.6964	   -0.000250892	
        17.9319	   -0.000413798	
        18.1675	   -0.000211676	
        18.4031	    0.000116567	
        18.6393	    -0.00013833	
        18.8731	    -0.00022086	
         19.107	    8.67854e-05	
        19.3425	    0.000121274	
        19.5746	    0.000212324	
        19.8095	    0.000181546	
        20.0417	   -4.75801e-05	
        20.2754	   -0.000119464	
        20.5078	    1.59971e-05	
          20.74	    0.000163738	
        20.9723	   -5.23745e-05	
         21.203	    9.71136e-05	
        21.4343	    0.000270149	
         21.665	   -1.70881e-06	
        21.8959	   -2.80805e-05	
        22.1257	     4.5918e-05	
        22.3548	    4.95496e-05	
        22.5847	   -1.28282e-05	
        22.8131	    1.07056e-05	
        23.0437	    1.87777e-05	
        23.2723	    0.000339777	
        23.5008	    0.000703788	
        23.7278	    0.000526647	
        23.9567	    0.000275219	
        24.1836	    8.57675e-05	
         24.412	    6.63309e-05	
        24.6383	    0.000217876	
        24.8658	    8.05251e-05	
        25.0922	    0.000226601	
        25.3171	    0.000379259	
        25.5437	    0.000174362	
        25.7688	    0.000376243	
        25.9961	    0.000304332	
        26.2203	   -0.000169954	
        26.4458	    -7.8391e-05	
        26.6704	    0.000405311	
        26.8962	     0.00037552	
        27.1189	    0.000131889	
         27.344	    0.000121729	
        27.5672	    0.000293348	
        27.7922	    0.000540409	
        28.0159	    0.000307282	
        28.2382	    0.000191791	
        28.4618	   -2.07665e-05	
        28.6846	   -0.000137294	
        28.9083	    0.000444735	
        29.1318	    0.000143904	
        29.3527	   -0.000147218	
        29.5757	    0.000361493	
        29.7968	    0.000662891	
        30.0206	    0.000326981	
        30.2418	     0.00035791	
        30.4635	    0.000448957	
        30.6869	    0.000268317	
        30.9078	    0.000504581	
        31.1295	    0.000308283	
        31.3507	    0.000507393	
        31.5717	    0.000788221	
        31.7933	    0.000232137	
        32.0133	   -2.18083e-06	
        32.2346	    0.000675465	
        32.4554	    0.000673335	
        32.6772	    -0.00015086	
        32.8964	   -0.000102504	
        33.1188	    0.000709997	
        33.3385	    0.000206737	
        33.5597	   -8.50377e-05	
        33.7794	    0.000224568	
        34.0005	    0.000129305	
        34.2197	    0.000730719	
        34.4408	    0.000618595	
        34.6612	    0.000448541	
        34.8832	    0.000196793	
        35.1016	    0.000610158	
        35.3221	     0.00127311	
        35.5431	    0.000808111	
        35.7625	     0.00134365	
         35.984	    0.000859074	
        36.2036	    0.000335992	
         36.425	    0.000947051	
        36.6452	    0.000801809	
        36.8661	    0.000984031	
        37.0853	     0.00128767	
        37.3065	      0.0013483	
        37.5273	    0.000410271	
         37.748	    0.000878775	
        37.9689	      0.0016924	
        38.1894	    0.000719359	
        38.4108	     0.00079517	
        38.6315	    0.000398214	
        38.8525	   -0.000293135	
        39.0751	    0.000216253	
        39.2957	    0.000920179	
        39.5179	      0.0010586	
        39.7382	    0.000895857	
        39.9601	     0.00149165	
        40.1814	     0.00243188	
        40.4051	     0.00191907	
        40.6261	    0.000731127	
        40.8484	    0.000893697	
        41.0725	     0.00100947	
        41.2949	    0.000888857	
        41.5168	       0.001238	
        41.7402	     0.00173729	
        41.9654	     0.00178173	
        42.1888	     0.00119715	
        42.4117	     0.00145032	
        42.6365	     0.00137962	
        42.8618	   -0.000215918	
        43.0867	   -0.000147295	
        43.3122	     0.00101192	
         43.536	     0.00101267	
        43.7618	     0.00114316	
        43.9896	    0.000975882	
        44.2132	    0.000543135	
        44.4401	    0.000702283	
        44.6665	    0.000463279	
        44.8938	    0.000566414	
         45.122	     0.00217745	
        45.3485	     0.00097097	
        45.5772	    0.000717064	
        45.8069	     0.00282563	
        46.0364	    0.000861762	
        46.2667	   -3.90991e-05	
        46.4954	     0.00104306	
        46.7266	     0.00151676	
        46.9574	      0.0019345	
        47.1895	     0.00182582	
        47.4181	    0.000394326	
        47.6525	   -0.000180218	
        47.8854	     0.00227317	
        48.1177	     0.00332127	
        48.3514	      0.0035262	
        48.5849	     0.00268554	
        48.8216	     0.00383257	
        49.0579	     0.00435016	
        49.2941	     0.00354176	
        49.5285	     0.00426352	
        49.7677	     0.00300871	
        50.0052	     0.00275597	
        50.2429	     0.00194324	
        50.4836	     0.00238295	
        50.7225	     0.00299385	
        50.9637	     0.00481149	
        51.2043	     0.00641596	
        51.4469	     0.00388188	
        51.6897	     0.00363619	
        51.9346	     0.00428766	
        52.1774	     0.00351325	
        52.4228	     0.00338714	
        52.6677	     0.00478555	
        52.9149	     0.00678858	
        53.1625	     0.00575218	
        53.4122	     0.00664499	
        53.6607	      0.0130406	
         53.913	      0.0153262	
        54.1643	      0.0117121	
        54.4155	       0.010875	
        54.6697	     0.00854371	
        54.9263	     0.00609842	
        55.1814	     0.00699095	
        55.4397	      0.0067892	
        55.6958	     0.00725108	
        55.9553	     0.00175378	
        56.2175	    -0.00214954	
        56.4757	    0.000516152	
          56.74	   -0.000238066	
        57.0049	    -0.00400213	
        57.2694	    -0.00888993	
        57.5378	     -0.0134967	
        57.8052	     -0.0109298	
        58.0761	    -0.00642583	
         58.346	    -0.00598702	
        58.6192	    3.85808e-05	
         58.894	     0.00402969	
        59.1693	      0.0123011	
        59.4477	       0.020437	
