// magnetic latitude, Alfven speed
        -0.1278	     1.3533e+06	
       0.126006	     1.3533e+06	
       0.379806	     1.3542e+06	
       0.635417	     1.3561e+06	
        0.88921	     1.3588e+06	
        1.14299	     1.3624e+06	
        1.39864	      1.367e+06	
        1.65248	     1.3725e+06	
        1.90623	     1.3789e+06	
        2.16009	     1.3863e+06	
        2.41381	     1.3946e+06	
        2.66945	      1.404e+06	
        2.92324	     1.4144e+06	
         3.1753	     1.4257e+06	
        3.42906	     1.4381e+06	
        3.68289	     1.4516e+06	
        3.93667	     1.4661e+06	
        4.19049	     1.4818e+06	
        4.44244	     1.4986e+06	
        4.69619	     1.5167e+06	
        4.94824	     1.5358e+06	
        5.20024	     1.5562e+06	
        5.45224	     1.5779e+06	
        5.70427	      1.601e+06	
        5.95626	     1.6255e+06	
        6.20834	     1.6514e+06	
        6.46025	     1.6788e+06	
        6.71049	     1.7076e+06	
        6.96247	     1.7382e+06	
        7.21275	     1.7702e+06	
        7.46286	      1.804e+06	
        7.71298	     1.8396e+06	
        7.96335	     1.8772e+06	
        8.21345	     1.9167e+06	
        8.46189	      1.958e+06	
        8.71213	     2.0017e+06	
        8.96054	     2.0474e+06	
        9.20882	     2.0955e+06	
        9.45736	      2.146e+06	
        9.70569	     2.1991e+06	
        9.95237	     2.2545e+06	
        10.2011	     2.3132e+06	
         10.447	     2.3744e+06	
        10.6943	     2.4388e+06	
        10.9408	     2.5064e+06	
        11.1857	     2.5769e+06	
        11.4321	     2.6516e+06	
        11.6768	     2.7296e+06	
        11.9211	     2.8115e+06	
        12.1659	     2.8976e+06	
        12.4111	     2.9881e+06	
        12.6558	     3.0833e+06	
         12.899	     3.1827e+06	
        13.1416	     3.2872e+06	
        13.3849	     3.3971e+06	
         13.628	     3.5128e+06	
        13.8693	     3.6336e+06	
        14.1125	     3.7618e+06	
        14.3532	     3.8956e+06	
        14.5946	     4.0366e+06	
        14.8356	      4.185e+06	
         15.075	     4.3402e+06	
        15.3166	      4.505e+06	
        15.5556	     4.6773e+06	
        15.7955	     4.8589e+06	
        16.0326	     5.0489e+06	
        16.2719	     5.2507e+06	
        16.5097	     5.4621e+06	
        16.7489	     5.6867e+06	
        16.9863	      5.922e+06	
        17.2225	     6.1684e+06	
        17.4595	     6.4305e+06	
        17.6964	     6.7052e+06	
        17.9319	     6.9953e+06	
        18.1675	     7.3018e+06	
        18.4031	     7.6256e+06	
        18.6393	     7.9679e+06	
        18.8731	      8.327e+06	
         19.107	     8.7066e+06	
        19.3425	     9.1112e+06	
        19.5746	     9.5326e+06	
        19.8095	     9.9819e+06	
        20.0417	     1.0454e+07	
        20.2754	     1.0957e+07	
        20.5078	     1.1485e+07	
          20.74	     1.2045e+07	
        20.9723	     1.2637e+07	
         21.203	     1.3259e+07	
        21.4343	     1.3923e+07	
         21.665	     1.4621e+07	
        21.8959	      1.536e+07	
        22.1257	     1.6143e+07	
        22.3548	     1.6965e+07	
        22.5847	     1.7842e+07	
        22.8131	     1.8764e+07	
        23.0437	     1.9748e+07	
        23.2723	     2.0782e+07	
        23.5008	     2.1876e+07	
        23.7278	     2.3024e+07	
        23.9567	     2.4248e+07	
        24.1836	     2.5532e+07	
         24.412	       2.69e+07	
        24.6383	     2.8334e+07	
        24.8658	     2.9848e+07	
        25.0922	     3.1446e+07	
        25.3171	     3.3116e+07	
        25.5437	      3.489e+07	
        25.7688	     3.6742e+07	
        25.9961	     3.8705e+07	
        26.2203	      4.075e+07	
        26.4458	     4.2895e+07	
        26.6704	     4.5141e+07	
        26.8962	      4.749e+07	
        27.1189	     4.9922e+07	
         27.344	     5.2477e+07	
        27.5672	     5.5113e+07	
        27.7922	     5.7872e+07	
        28.0159	     6.0705e+07	
        28.2382	     6.3633e+07	
        28.4618	     6.6651e+07	
        28.6846	     6.9753e+07	
        28.9083	     7.2934e+07	
        29.1318	     7.6185e+07	
        29.3527	     7.9474e+07	
        29.5757	     8.2844e+07	
        29.7968	     8.6233e+07	
        30.0206	     8.9686e+07	
        30.2418	     9.3137e+07	
        30.4635	     9.6605e+07	
        30.6869	     1.0011e+08	
        30.9078	     1.0358e+08	
        31.1295	     1.0705e+08	
        31.3507	     1.1049e+08	
        31.5717	     1.1391e+08	
        31.7933	      1.173e+08	
        32.0133	     1.2062e+08	
        32.2346	     1.2393e+08	
        32.4554	      1.272e+08	
        32.6772	     1.3041e+08	
        32.8964	     1.3356e+08	
        33.1188	     1.3667e+08	
        33.3385	     1.3972e+08	
        33.5597	     1.4274e+08	
        33.7794	     1.4568e+08	
        34.0005	     1.4861e+08	
        34.2197	     1.5147e+08	
        34.4408	      1.543e+08	
        34.6612	     1.5708e+08	
        34.8832	     1.5984e+08	
        35.1016	     1.6255e+08	
        35.3221	     1.6522e+08	
        35.5431	     1.6789e+08	
        35.7625	      1.705e+08	
         35.984	     1.7312e+08	
        36.2036	     1.7569e+08	
         36.425	     1.7826e+08	
        36.6452	     1.8079e+08	
        36.8661	     1.8332e+08	
        37.0853	     1.8581e+08	
        37.3065	     1.8831e+08	
        37.5273	     1.9078e+08	
         37.748	     1.9325e+08	
        37.9689	      1.957e+08	
        38.1894	     1.9812e+08	
        38.4108	     2.0055e+08	
        38.6315	     2.0296e+08	
        38.8525	     2.0536e+08	
        39.0751	     2.0774e+08	
        39.2957	     2.1011e+08	
        39.5179	     2.1246e+08	
        39.7382	      2.148e+08	
        39.9601	     2.1711e+08	
        40.1814	     2.1941e+08	
        40.4051	      2.217e+08	
        40.6261	     2.2395e+08	
        40.8484	      2.262e+08	
        41.0725	     2.2842e+08	
        41.2949	     2.3062e+08	
        41.5168	     2.3278e+08	
        41.7402	     2.3492e+08	
        41.9654	     2.3705e+08	
        42.1888	     2.3913e+08	
        42.4117	     2.4118e+08	
        42.6365	     2.4321e+08	
        42.8618	     2.4521e+08	
        43.0867	     2.4717e+08	
        43.3122	     2.4909e+08	
         43.536	     2.5098e+08	
        43.7618	     2.5283e+08	
        43.9896	     2.5465e+08	
        44.2132	     2.5641e+08	
        44.4401	     2.5815e+08	
        44.6665	     2.5985e+08	
        44.8938	      2.615e+08	
         45.122	     2.6312e+08	
        45.3485	     2.6468e+08	
        45.5772	     2.6621e+08	
        45.8069	      2.677e+08	
        46.0364	     2.6915e+08	
        46.2667	     2.7055e+08	
        46.4954	     2.7191e+08	
        46.7266	     2.7323e+08	
        46.9574	      2.745e+08	
        47.1895	     2.7574e+08	
        47.4181	     2.7692e+08	
        47.6525	     2.7807e+08	
        47.8854	     2.7918e+08	
        48.1177	     2.8024e+08	
        48.3514	     2.8127e+08	
        48.5849	     2.8225e+08	
        48.8216	      2.832e+08	
        49.0579	     2.8411e+08	
        49.2941	     2.8498e+08	
        49.5285	     2.8581e+08	
        49.7677	     2.8661e+08	
        50.0052	     2.8737e+08	
        50.2429	      2.881e+08	
        50.4836	      2.888e+08	
        50.7225	     2.8946e+08	
        50.9637	     2.9009e+08	
        51.2043	     2.9069e+08	
        51.4469	     2.9126e+08	
        51.6897	     2.9181e+08	
        51.9346	     2.9232e+08	
        52.1774	     2.9281e+08	
        52.4228	     2.9327e+08	
        52.6677	     2.9371e+08	
        52.9149	     2.9412e+08	
        53.1625	     2.9451e+08	
        53.4122	     2.9488e+08	
        53.6607	     2.9523e+08	
         53.913	     2.9555e+08	
        54.1643	     2.9586e+08	
        54.4155	     2.9615e+08	
        54.6697	     2.9642e+08	
        54.9263	     2.9668e+08	
        55.1814	     2.9692e+08	
        55.4397	     2.9714e+08	
        55.6958	     2.9735e+08	
        55.9553	     2.9755e+08	
        56.2175	     2.9773e+08	
        56.4757	      2.979e+08	
          56.74	     2.9806e+08	
        57.0049	      2.982e+08	
        57.2694	     2.9834e+08	
        57.5378	     2.9847e+08	
        57.8052	     2.9858e+08	
        58.0761	     2.9869e+08	
         58.346	     2.9879e+08	
        58.6192	     2.9889e+08	
         58.894	     2.9897e+08	
        59.1693	     2.9905e+08	
        59.4477	     2.9912e+08	
